# word2vec: perdida y acierto de tema por epoca
epoca  perdida  acierto
1  3.3277  1.0
2  1.9821  1.0
3  1.6068  1.0
4  1.5528  1.0
5  1.5151  1.0
6  1.5186  1.0
7  1.509  1.0
8  1.5033  1.0
9  1.5061  1.0
10  1.515  1.0
11  1.5074  1.0
12  1.4988  1.0
13  1.4993  1.0
14  1.4991  1.0
15  1.5236  1.0
16  1.5104  1.0
17  1.5052  1.0
18  1.5011  1.0
19  1.4993  1.0
20  1.5059  1.0
21  1.4987  1.0
22  1.5017  1.0
23  1.4914  1.0
24  1.4959  1.0
25  1.5017  1.0
26  1.4995  1.0
27  1.4913  1.0
28  1.4904  1.0
29  1.5109  1.0
30  1.5064  1.0
